 0.292222 0.000656 0.000656 0.000656 0.000656 0.357277 0.000656 0.000656 0.000656 0.000656 
 0.228016 0.001221 0.001221 0.001221 0.001221 0.001221 0.438400 0.001221 0.001221 0.001523 
 0.209645 0.001143 0.001143 0.001143 0.001143 0.001143 0.250131 0.013338 0.001143 0.001143 
 0.317499 0.001471 0.001471 0.001471 0.001471 0.001471 0.277340 0.001471 0.001471 0.001471 
 0.226050 0.000676 0.000676 0.013730 0.000676 0.001981 0.003469 0.000676 0.000676 0.001981 
 0.471618 0.000604 0.000604 0.000604 0.000604 0.056159 0.051329 0.000604 0.000604 0.000604 
 0.428070 0.000749 0.000749 0.000749 0.000749 0.000749 0.279544 0.000749 0.000749 0.000749 
 0.278986 0.003623 0.003623 0.003623 0.003623 0.003623 0.003623 0.003623 0.003623 0.003623 
 0.349676 0.001396 0.001396 0.001396 0.001396 0.002400 0.314117 0.003847 0.001396 0.001396 
 0.417257 0.000253 0.000253 0.000253 0.000253 0.000253 0.498229 0.000253 0.000253 0.000253 
 0.471618 0.000604 0.000604 0.000604 0.000604 0.056159 0.051329 0.000604 0.000604 0.000604 
 0.221070 0.002645 0.002645 0.002645 0.002645 0.212010 0.002645 0.002645 0.002645 0.002645 
 0.435613 0.002154 0.002154 0.002154 0.002154 0.002154 0.002154 0.002154 0.002154 0.002154 
 0.322674 0.000969 0.000969 0.000969 0.000969 0.000969 0.000969 0.000969 0.000969 0.000969 
 0.340499 0.000307 0.000307 0.000307 0.000307 0.000307 0.467052 0.000307 0.000307 0.000760 
 0.280191 0.001567 0.001567 0.001567 0.001567 0.002370 0.251744 0.003528 0.001567 0.001567 
 0.171452 0.001356 0.001356 0.001356 0.001356 0.001356 0.378010 0.001356 0.001356 0.001582 
 0.328874 0.002038 0.002038 0.003275 0.002038 0.002038 0.122720 0.002038 0.002038 0.002038 
 0.227375 0.001538 0.026627 0.091485 0.001538 0.015693 0.239810 0.001538 0.001538 0.001538 
 0.276626 0.001052 0.001052 0.001052 0.001052 0.001052 0.294670 0.001052 0.001052 0.001354 
 0.413782 0.000421 0.000421 0.000421 0.000421 0.000421 0.440848 0.000421 0.000421 0.000874 
 0.228388 0.001594 0.001594 0.001594 0.001594 0.001594 0.312757 0.001594 0.001594 0.001896 
 0.401804 0.001399 0.001399 0.011333 0.001399 0.044672 0.003682 0.001399 0.001399 0.001399 
 0.197971 0.003348 0.003348 0.003348 0.003348 0.051735 0.054195 0.003348 0.003348 0.003348 
 0.410898 0.000888 0.009115 0.000888 0.000888 0.173322 0.038623 0.000888 0.024510 0.000888 
 0.228016 0.001221 0.001221 0.001221 0.001221 0.001221 0.438400 0.001221 0.001221 0.001523 
 0.259079 0.002939 0.002939 0.002939 0.002939 0.002939 0.127500 0.002939 0.002939 0.002939 
 0.417257 0.000253 0.000253 0.000253 0.000253 0.000253 0.498229 0.000253 0.000253 0.000253 
 0.192046 0.001214 0.001214 0.085830 0.001214 0.001214 0.432566 0.001214 0.001214 0.001214 
 0.413782 0.000421 0.000421 0.000421 0.000421 0.000421 0.440848 0.000421 0.000421 0.000874 
 0.278249 0.005572 0.002171 0.002171 0.002171 0.002171 0.164339 0.005243 0.002171 0.002171 
 0.204157 0.001867 0.001867 0.017134 0.001867 0.001867 0.001867 0.001867 0.001867 0.001867 
 0.345681 0.001626 0.001626 0.001626 0.001626 0.020144 0.042515 0.001626 0.001626 0.001626 
 0.250127 0.002793 0.002793 0.002793 0.002793 0.002793 0.168785 0.002793 0.002793 0.002793 
 0.410898 0.000888 0.009115 0.000888 0.000888 0.173322 0.038623 0.000888 0.024510 0.000888 
 0.177955 0.003239 0.003239 0.003239 0.003239 0.003239 0.169231 0.003239 0.003239 0.003239 
 0.255126 0.003025 0.011429 0.003025 0.003025 0.003025 0.036639 0.003025 0.003025 0.003025 
 0.379032 0.001152 0.001152 0.001152 0.001152 0.001152 0.222350 0.010369 0.001152 0.001152 
 0.259079 0.002939 0.002939 0.002939 0.002939 0.002939 0.127500 0.002939 0.002939 0.002939 
 0.300088 0.001009 0.001009 0.001009 0.001009 0.001009 0.065825 0.001009 0.001009 0.001009 
 0.344216 0.000933 0.000933 0.000933 0.000933 0.019590 0.430037 0.000933 0.000933 0.000933 
 0.140994 0.002105 0.002105 0.002105 0.002105 0.003648 0.110765 0.002105 0.002105 0.002105 
 0.190043 0.002189 0.002189 0.005739 0.003602 0.002189 0.044816 0.004326 0.002189 0.002189 
 0.308043 0.001641 0.001641 0.001641 0.001641 0.001641 0.083320 0.003784 0.001641 0.001641 
 0.209938 0.001087 0.001087 0.001087 0.001087 0.001087 0.278882 0.001087 0.001087 0.001087 
 0.417257 0.000253 0.000253 0.000253 0.000253 0.000253 0.498229 0.000253 0.000253 0.000253 
 0.282391 0.000984 0.000984 0.000984 0.000984 0.000984 0.209482 0.000984 0.000984 0.000984 
 0.470844 0.001250 0.001250 0.001250 0.001250 0.019768 0.018158 0.001250 0.001250 0.001250 
 0.390000 0.000667 0.000667 0.000667 0.000667 0.419333 0.000667 0.000667 0.000667 0.000667 
 0.227455 0.000660 0.000660 0.022518 0.000660 0.000660 0.426577 0.000660 0.000660 0.000962 
 0.164210 0.002882 0.002882 0.002882 0.002882 0.002882 0.002882 0.002882 0.002882 0.002882 
 0.250127 0.002793 0.002793 0.002793 0.002793 0.002793 0.168785 0.002793 0.002793 0.002793 
 0.340499 0.000307 0.000307 0.000307 0.000307 0.000307 0.467052 0.000307 0.000307 0.000760 
 0.453125 0.001736 0.001736 0.001736 0.001736 0.001736 0.001736 0.001736 0.001736 0.001736 
 0.240851 0.003074 0.000851 0.000851 0.000851 0.000851 0.347990 0.000851 0.000851 0.000851 
 0.562950 0.001799 0.001799 0.001799 0.001799 0.001799 0.073741 0.001799 0.001799 0.001799 
 0.324625 0.001890 0.001890 0.001890 0.001890 0.140754 0.001890 0.001890 0.021158 0.001890 
 0.221147 0.001605 0.001605 0.001605 0.001605 0.007824 0.428396 0.001605 0.001605 0.001605 
 0.197162 0.001256 0.001256 0.001256 0.001256 0.001256 0.421363 0.003357 0.001256 0.001256 
 0.155027 0.002137 0.002137 0.002137 0.002137 0.003680 0.182018 0.002137 0.002137 0.002137 
 0.505252 0.001050 0.017857 0.001050 0.001050 0.001050 0.068277 0.001050 0.001050 0.001050 
 0.166151 0.001666 0.001666 0.123241 0.001666 0.001666 0.005090 0.001666 0.001666 0.001666 
 0.515872 0.000516 0.000516 0.000516 0.000516 0.000516 0.336731 0.000516 0.000516 0.000516 
 0.248038 0.001040 0.001040 0.002842 0.001040 0.002584 0.109700 0.001040 0.001040 0.001040 
 0.283654 0.000687 0.000687 0.000687 0.025412 0.324863 0.000687 0.000687 0.000687 0.003434 
 0.349676 0.001396 0.001396 0.001396 0.001396 0.002400 0.314117 0.003847 0.001396 0.001396 
 0.541651 0.001206 0.001206 0.001206 0.001206 0.001206 0.037532 0.001206 0.001206 0.001206 
 0.228388 0.001594 0.001594 0.001594 0.001594 0.001594 0.312757 0.001594 0.001594 0.001896 
 0.276420 0.000330 0.000330 0.000330 0.000330 0.000330 0.614597 0.000330 0.008256 0.000330 
 0.279490 0.000702 0.000702 0.000702 0.000702 0.000702 0.287795 0.000702 0.000702 0.000702 
 0.195474 0.001507 0.015067 0.001507 0.004641 0.001507 0.391659 0.001507 0.001507 0.001507 
 0.321177 0.001549 0.001549 0.017279 0.001549 0.001549 0.179578 0.001549 0.001549 0.001549 
 0.515872 0.000516 0.000516 0.000516 0.000516 0.000516 0.336731 0.000516 0.000516 0.000516 
 0.452780 0.000891 0.000891 0.000891 0.000891 0.048260 0.000891 0.000891 0.000891 0.000891 
 0.234818 0.002843 0.002843 0.002843 0.002843 0.002843 0.012647 0.002843 0.002843 0.002843 
 0.209462 0.000960 0.000960 0.000960 0.000960 0.000960 0.279948 0.000960 0.000960 0.000960 
 0.342728 0.001087 0.001087 0.001087 0.001087 0.014976 0.013768 0.001087 0.001087 0.001087 
 0.276336 0.008469 0.000762 0.027737 0.000762 0.000762 0.294380 0.000762 0.000762 0.001064 
 0.210364 0.001863 0.001863 0.001863 0.001863 0.001863 0.299461 0.001863 0.001863 0.001863 
 0.368237 0.001096 0.001096 0.001096 0.001096 0.001096 0.172143 0.001096 0.001096 0.001096 
 0.321291 0.001242 0.001242 0.001242 0.001242 0.149973 0.152972 0.001242 0.001242 0.001242 
 0.417257 0.000253 0.000253 0.000253 0.000253 0.000253 0.498229 0.000253 0.000253 0.000253 
 0.228016 0.001221 0.001221 0.001221 0.001221 0.001221 0.438400 0.001221 0.001221 0.001523 
 0.166151 0.001666 0.001666 0.123241 0.001666 0.001666 0.005090 0.001666 0.001666 0.001666 
 0.323770 0.001366 0.001366 0.001366 0.001366 0.132514 0.154372 0.001366 0.001366 0.006831 
 0.196550 0.001117 0.001117 0.066052 0.001117 0.001117 0.172322 0.005725 0.001117 0.001117 
 0.328594 0.001712 0.001712 0.001712 0.001712 0.015601 0.176293 0.001712 0.001712 0.001712 
 0.564655 0.000616 0.000616 0.000616 0.000616 0.000616 0.303571 0.000616 0.000616 0.000616 
 0.344855 0.001565 0.001565 0.001565 0.001565 0.001565 0.207435 0.001565 0.001565 0.001565 
 0.199138 0.003231 0.003231 0.003231 0.003231 0.003231 0.085102 0.003231 0.003231 0.003231 
 0.189025 0.009111 0.003158 0.003776 0.003158 0.003158 0.063499 0.003158 0.003158 0.003158 
 0.190932 0.001932 0.001932 0.001932 0.001932 0.071631 0.236436 0.001932 0.014432 0.001932 
 0.482957 0.001000 0.001000 0.024705 0.001000 0.001000 0.001000 0.001000 0.001000 0.001000 
 0.340727 0.006362 0.001917 0.001917 0.001917 0.001917 0.031679 0.001917 0.001917 0.001917 
 0.292222 0.000656 0.000656 0.000656 0.000656 0.357277 0.000656 0.000656 0.000656 0.000656 
 0.204750 0.001378 0.001378 0.001378 0.001378 0.063304 0.426733 0.001378 0.004850 0.001378 
 0.413782 0.000421 0.000421 0.000421 0.000421 0.000421 0.440848 0.000421 0.000421 0.000874 
 0.410898 0.000888 0.009115 0.000888 0.000888 0.173322 0.038623 0.000888 0.024510 0.000888 
 0.317499 0.001471 0.001471 0.001471 0.001471 0.001471 0.277340 0.001471 0.001471 0.001471 
 0.227455 0.000660 0.000660 0.022518 0.000660 0.000660 0.426577 0.000660 0.000660 0.000962 
 0.517284 0.001202 0.001202 0.001202 0.001202 0.028979 0.062535 0.001202 0.001202 0.001202 
 0.414855 0.001812 0.001812 0.001812 0.001812 0.001812 0.096014 0.001812 0.001812 0.001812 
 0.364675 0.001581 0.001581 0.036540 0.001581 0.001581 0.007754 0.001581 0.001581 0.001581 
 0.302632 0.001880 0.001880 0.001880 0.001880 0.001880 0.001880 0.001880 0.001880 0.001880 
 0.171554 0.001457 0.001457 0.001457 0.001457 0.001457 0.304473 0.001457 0.001457 0.001684 
 0.366085 0.000289 0.000289 0.000289 0.000289 0.000289 0.477444 0.000289 0.000289 0.000591 
 0.340499 0.000307 0.000307 0.000307 0.000307 0.000307 0.467052 0.000307 0.000307 0.000760 
 0.471618 0.000604 0.000604 0.000604 0.000604 0.056159 0.051329 0.000604 0.000604 0.000604 
 0.517284 0.001202 0.001202 0.001202 0.001202 0.028979 0.062535 0.001202 0.001202 0.001202 
 0.292060 0.000842 0.000842 0.001315 0.001528 0.000842 0.193148 0.000842 0.000842 0.000842 
 0.147222 0.003661 0.003661 0.003661 0.003661 0.094902 0.003661 0.003661 0.003661 0.003661 
 0.162229 0.000803 0.000803 0.001434 0.000803 0.000803 0.336298 0.000803 0.000803 0.000803 
 0.541651 0.001206 0.001206 0.001206 0.001206 0.001206 0.037532 0.001206 0.001206 0.001206 
 0.368237 0.001096 0.001096 0.001096 0.001096 0.001096 0.172143 0.001096 0.001096 0.001096 
 0.277399 0.001355 0.001355 0.017894 0.001355 0.027253 0.022164 0.001355 0.001355 0.007490 
 0.219862 0.002161 0.002161 0.021823 0.002161 0.002161 0.148976 0.002161 0.002161 0.002161 
 0.307851 0.002066 0.002066 0.002066 0.002066 0.101240 0.002066 0.002066 0.002066 0.002066 
 0.330460 0.000958 0.000958 0.000958 0.000958 0.135057 0.046935 0.000958 0.000958 0.000958 
 0.327083 0.001041 0.001041 0.001041 0.001041 0.256771 0.001041 0.001041 0.001041 0.001041 
 0.372691 0.001689 0.001689 0.001689 0.001689 0.001689 0.250677 0.001689 0.001689 0.001689 
 0.151334 0.001502 0.001502 0.001502 0.001502 0.001502 0.235035 0.001502 0.001502 0.001804 
 0.541651 0.001206 0.001206 0.001206 0.001206 0.001206 0.037532 0.001206 0.001206 0.001206 
 0.200573 0.001900 0.001900 0.001900 0.001900 0.001900 0.001900 0.001900 0.001900 0.001900 
 0.170975 0.000878 0.000878 0.017272 0.000878 0.000878 0.320316 0.000878 0.000878 0.001105 
 0.345681 0.001626 0.001626 0.001626 0.001626 0.020144 0.042515 0.001626 0.001626 0.001626 
 0.302632 0.001880 0.001880 0.001880 0.001880 0.001880 0.001880 0.001880 0.001880 0.001880 
 0.287860 0.001223 0.001223 0.032636 0.001223 0.001223 0.050960 0.001223 0.001223 0.001223 
 0.182993 0.001744 0.001744 0.001744 0.001744 0.004642 0.156816 0.001744 0.001744 0.001744 
 0.317499 0.001471 0.001471 0.001471 0.001471 0.001471 0.277340 0.001471 0.001471 0.001471 
 0.123418 0.003165 0.003165 0.003165 0.003165 0.003165 0.003165 0.003165 0.003165 0.003165 
 0.401804 0.001399 0.001399 0.011333 0.001399 0.044672 0.003682 0.001399 0.001399 0.001399 
 0.206311 0.002427 0.002427 0.002427 0.002427 0.002427 0.002427 0.109223 0.002427 0.002427 
 0.598926 0.000767 0.000767 0.000767 0.000767 0.000767 0.120399 0.000767 0.000767 0.000767 
 0.240851 0.003074 0.000851 0.000851 0.000851 0.000851 0.347990 0.000851 0.000851 0.000851 
 0.228388 0.001594 0.001594 0.001594 0.001594 0.001594 0.312757 0.001594 0.001594 0.001896 
 0.410898 0.000888 0.009115 0.000888 0.000888 0.173322 0.038623 0.000888 0.024510 0.000888 
 0.310817 0.003125 0.003125 0.003125 0.003125 0.003125 0.003125 0.003125 0.003125 0.003125 
 0.192046 0.001214 0.001214 0.085830 0.001214 0.001214 0.432566 0.001214 0.001214 0.001214 
 0.300347 0.001736 0.001736 0.001736 0.008681 0.001736 0.001736 0.001736 0.001736 0.001736 
 0.192046 0.001214 0.001214 0.085830 0.001214 0.001214 0.432566 0.001214 0.001214 0.001214 
 0.202142 0.002142 0.002142 0.002142 0.002142 0.002142 0.008166 0.008166 0.002142 0.002142 
 0.603893 0.001237 0.001237 0.001237 0.001237 0.001237 0.019755 0.001237 0.001237 0.001237 
 0.228388 0.001594 0.001594 0.001594 0.001594 0.001594 0.312757 0.001594 0.001594 0.001896 
 0.345681 0.001626 0.001626 0.001626 0.001626 0.020144 0.042515 0.001626 0.001626 0.001626 
 0.285357 0.002023 0.002023 0.002023 0.002023 0.004404 0.006039 0.006039 0.002023 0.002023 
 0.344216 0.000933 0.000933 0.000933 0.000933 0.019590 0.430037 0.000933 0.000933 0.000933 
 0.283111 0.001331 0.001331 0.006655 0.003450 0.001331 0.065270 0.004536 0.001331 0.001331 
 0.366201 0.001988 0.069543 0.001988 0.001988 0.100021 0.001988 0.001988 0.019705 0.001988 
 0.241419 0.001737 0.001737 0.001737 0.001737 0.033379 0.180063 0.001737 0.001737 0.001737 
 0.284759 0.002400 0.002400 0.002400 0.002400 0.013511 0.030780 0.002400 0.002400 0.002400 
 0.234161 0.001535 0.001535 0.001535 0.001535 0.001535 0.094037 0.003142 0.001535 0.001535 
 0.208485 0.001521 0.001521 0.001521 0.001521 0.019004 0.001521 0.001521 0.118102 0.004112 
 0.190043 0.002189 0.002189 0.005739 0.003602 0.002189 0.044816 0.004326 0.002189 0.002189 
 0.300088 0.001009 0.001009 0.001009 0.001009 0.001009 0.065825 0.001009 0.001009 0.001009 
 0.417257 0.000253 0.000253 0.000253 0.000253 0.000253 0.498229 0.000253 0.000253 0.000253 
 0.226050 0.000676 0.000676 0.013730 0.000676 0.001981 0.003469 0.000676 0.000676 0.001981 
 0.350048 0.001536 0.001536 0.001536 0.001536 0.316638 0.001536 0.001536 0.001536 0.001536 
 0.300700 0.001621 0.001621 0.001621 0.001621 0.001621 0.061437 0.001621 0.001621 0.001621 
 0.426579 0.001286 0.001286 0.001286 0.001286 0.002625 0.273421 0.004554 0.001286 0.001286 
 0.188389 0.003127 0.003127 0.003127 0.003127 0.088654 0.003127 0.003127 0.003127 0.003127 
 0.250127 0.002793 0.002793 0.002793 0.002793 0.002793 0.168785 0.002793 0.002793 0.002793 
 0.426579 0.001286 0.001286 0.001286 0.001286 0.002625 0.273421 0.004554 0.001286 0.001286 
 0.228388 0.001594 0.001594 0.001594 0.001594 0.001594 0.312757 0.001594 0.001594 0.001896 
 0.302301 0.001046 0.017782 0.001046 0.001046 0.180962 0.001046 0.001046 0.001046 0.001046 
 0.155750 0.003235 0.003235 0.003235 0.003235 0.007952 0.003235 0.003235 0.166024 0.003235 
 0.285157 0.002798 0.002798 0.002798 0.002798 0.013909 0.034749 0.002798 0.002798 0.002798 
 0.364675 0.001581 0.001581 0.036540 0.001581 0.001581 0.007754 0.001581 0.001581 0.001581 
 0.236531 0.001025 0.001025 0.001025 0.001025 0.028802 0.026387 0.001025 0.001025 0.001025 
 0.344216 0.000933 0.000933 0.000933 0.000933 0.019590 0.430037 0.000933 0.000933 0.000933 
 0.161858 0.001291 0.001291 0.001291 0.001291 0.001291 0.317433 0.001291 0.005254 0.001291 
 0.217279 0.002697 0.002697 0.002697 0.002697 0.006729 0.026891 0.002697 0.002697 0.002697 
 0.170975 0.000878 0.000878 0.017272 0.000878 0.000878 0.320316 0.000878 0.000878 0.001105 
 0.213128 0.002442 0.002442 0.002442 0.002442 0.002442 0.186356 0.002442 0.002442 0.002442 
 0.276420 0.000330 0.000330 0.000330 0.000330 0.000330 0.614597 0.000330 0.008256 0.000330 
 0.333715 0.001433 0.001433 0.138576 0.001433 0.001433 0.001433 0.004307 0.107755 0.001433 
 0.447479 0.002101 0.002101 0.002101 0.002101 0.002101 0.002101 0.002101 0.002101 0.002101 
 0.340499 0.000307 0.000307 0.000307 0.000307 0.000307 0.467052 0.000307 0.000307 0.000760 
 0.171554 0.001457 0.001457 0.001457 0.001457 0.001457 0.304473 0.001457 0.001457 0.001684 
 0.576087 0.000836 0.000836 0.000836 0.000836 0.000836 0.000836 0.000836 0.000836 0.000836 
 0.283008 0.001228 0.001228 0.003347 0.003347 0.001228 0.226999 0.001228 0.001228 0.001228 
 0.140710 0.002665 0.002665 0.002665 0.002665 0.002665 0.309798 0.002665 0.006628 0.002665 
 0.417257 0.000253 0.000253 0.000253 0.000253 0.000253 0.498229 0.000253 0.000253 0.000253 
 0.300347 0.001736 0.001736 0.001736 0.008681 0.001736 0.001736 0.001736 0.001736 0.001736 
 0.316046 0.001567 0.001567 0.056674 0.001567 0.001567 0.062826 0.003174 0.001567 0.001567 
 0.196550 0.001117 0.001117 0.066052 0.001117 0.001117 0.172322 0.005725 0.001117 0.001117 
 0.447479 0.002101 0.002101 0.002101 0.002101 0.002101 0.002101 0.002101 0.002101 0.002101 
 0.564655 0.000616 0.000616 0.000616 0.000616 0.000616 0.303571 0.000616 0.000616 0.000616 
 0.300550 0.001471 0.001471 0.001471 0.001471 0.001471 0.061287 0.001471 0.001471 0.001471 
 0.319240 0.001383 0.001383 0.001383 0.001383 0.158029 0.001383 0.001383 0.001383 0.001383 
 0.196550 0.001117 0.001117 0.066052 0.001117 0.001117 0.172322 0.005725 0.001117 0.001117 
 0.203205 0.002723 0.002723 0.002723 0.002723 0.109003 0.002723 0.002723 0.002723 0.002723 
 0.319240 0.001383 0.001383 0.001383 0.001383 0.158029 0.001383 0.001383 0.001383 0.001383 
 0.302199 0.003002 0.003002 0.003002 0.003002 0.005010 0.095371 0.003002 0.003002 0.003002 
 0.340499 0.000307 0.000307 0.000307 0.000307 0.000307 0.467052 0.000307 0.000307 0.000760 
 0.182993 0.001744 0.001744 0.001744 0.001744 0.004642 0.156816 0.001744 0.001744 0.001744 
 0.203587 0.003104 0.003104 0.003104 0.003104 0.109384 0.003104 0.003104 0.003104 0.003104 
 0.248038 0.001040 0.001040 0.002842 0.001040 0.002584 0.109700 0.001040 0.001040 0.001040 
 0.286473 0.002026 0.002026 0.002026 0.002026 0.002026 0.030619 0.002026 0.002026 0.002026 
 0.211129 0.002626 0.002626 0.002626 0.002626 0.002626 0.251614 0.002626 0.002626 0.002626 
 0.417257 0.000253 0.000253 0.000253 0.000253 0.000253 0.498229 0.000253 0.000253 0.000253 
 0.322674 0.000969 0.000969 0.000969 0.000969 0.000969 0.000969 0.000969 0.000969 0.000969 
 0.353034 0.001744 0.007346 0.008366 0.122956 0.026026 0.024153 0.001744 0.001744 0.001744 
 0.517284 0.001202 0.001202 0.001202 0.001202 0.028979 0.062535 0.001202 0.001202 0.001202 
 0.297157 0.001873 0.001873 0.021536 0.001873 0.001873 0.099916 0.001873 0.001873 0.001873 
 0.316046 0.001567 0.001567 0.056674 0.001567 0.001567 0.062826 0.003174 0.001567 0.001567 
 0.352695 0.001088 0.001088 0.016891 0.001088 0.001088 0.001088 0.001088 0.001088 0.001088 
 0.455674 0.001773 0.001773 0.001773 0.001773 0.157801 0.001773 0.037234 0.001773 0.001773 
 0.230586 0.002330 0.002330 0.087524 0.002330 0.002330 0.086857 0.003046 0.002330 0.002330 
 0.232591 0.000849 0.000849 0.003033 0.000849 0.049237 0.209728 0.000849 0.000849 0.000849 
 0.505252 0.001050 0.017857 0.001050 0.001050 0.001050 0.068277 0.001050 0.001050 0.001050 
 0.317499 0.001471 0.001471 0.001471 0.001471 0.001471 0.277340 0.001471 0.001471 0.001471 
 0.199424 0.001261 0.008929 0.001261 0.001261 0.386892 0.001261 0.001261 0.036694 0.001261 
 0.208564 0.002043 0.002043 0.002043 0.002043 0.002043 0.049144 0.047497 0.011134 0.002043 
 0.470318 0.003968 0.001746 0.001746 0.001746 0.001746 0.081746 0.001746 0.001746 0.001746 
 0.350781 0.000781 0.000781 0.000781 0.000781 0.163281 0.000781 0.000781 0.000781 0.000781 
 0.417257 0.000253 0.000253 0.000253 0.000253 0.000253 0.498229 0.000253 0.000253 0.000253 
 0.330460 0.000958 0.000958 0.000958 0.000958 0.135057 0.046935 0.000958 0.000958 0.000958 
 0.157107 0.000753 0.000753 0.008171 0.000753 0.010595 0.493101 0.000753 0.000753 0.000753 
 0.219895 0.001359 0.001359 0.069930 0.002432 0.001359 0.007797 0.002796 0.149480 0.001359 
 0.285357 0.002023 0.002023 0.002023 0.002023 0.004404 0.006039 0.006039 0.002023 0.002023 
 0.397684 0.001276 0.001276 0.111491 0.001276 0.001276 0.001276 0.001276 0.001276 0.001276 
 0.367713 0.002167 0.002167 0.002167 0.002167 0.002167 0.002167 0.002167 0.002167 0.002167 
 0.209218 0.000885 0.000885 0.000885 0.000885 0.003200 0.163875 0.000885 0.000885 0.000885 
 0.289912 0.001079 0.001079 0.001079 0.001079 0.015394 0.021912 0.001079 0.001079 0.001079 
 0.345581 0.002011 0.002011 0.002011 0.002011 0.002011 0.226154 0.002011 0.002011 0.002011 
 0.236956 0.001449 0.001449 0.001449 0.001449 0.217300 0.026811 0.001449 0.001449 0.001449 
 0.156394 0.002399 0.002399 0.002399 0.002399 0.010052 0.002399 0.002399 0.002399 0.002399 
 0.327677 0.001751 0.001751 0.003593 0.001751 0.001751 0.167743 0.001751 0.001751 0.001751 
 0.413782 0.000421 0.000421 0.000421 0.000421 0.000421 0.440848 0.000421 0.000421 0.000874 
 0.170833 0.004167 0.004167 0.004167 0.004167 0.004167 0.004167 0.004167 0.004167 0.004167 
 0.455674 0.001773 0.001773 0.001773 0.001773 0.157801 0.001773 0.037234 0.001773 0.001773 
 0.282391 0.000984 0.000984 0.000984 0.000984 0.000984 0.209482 0.000984 0.000984 0.000984 
 0.390000 0.000667 0.000667 0.000667 0.000667 0.419333 0.000667 0.000667 0.000667 0.000667 
 0.300578 0.000550 0.027669 0.000550 0.002245 0.000550 0.469877 0.000550 0.000550 0.000550 
 