152 42 1 
 8 97 1 
 105 162 1 
 207 83 1 
 152 99 1 
 31 215 1 
 107 225 1 
 30 53 1 
 197 186 1 
 194 203 1 
 155 201 1 
 96 105 1 
 215 33 1 
 226 98 1 
 185 175 1 
 107 3 1 
 96 233 1 
 28 137 1 
 228 162 1 
 165 97 1 
 20 139 1 
 15 137 1 
 228 55 1 
 104 176 1 
 148 138 1 
 217 55 1 
 81 119 1 
 23 139 1 
 96 3 1 
 41 222 1 
 107 55 1 
 37 30 1 
 135 110 1 
 99 104 1 
 18 149 1 
 134 233 1 
 195 191 1 
 93 162 1 
 110 135 1 
 88 102 1 
 176 193 1 
 228 96 1 
 15 158 1 
 203 134 1 
 43 28 1 
 194 162 1 
 122 47 1 
 66 121 1 
 230 206 1 
 165 137 1 
 115 134 1 
 18 133 1 
 111 233 1 
 224 137 1 
 8 233 1 
 226 210 1 
 220 207 1 
 12 178 1 
 217 161 1 
 31 134 1 
 203 6 1 
 93 139 1 
 80 94 1 
 105 182 1 
 191 195 1 
 159 230 1 
 195 164 1 
 45 181 1 
 105 97 1 
 67 60 1 
 116 159 1 
 61 83 1 
 80 32 1 
 62 72 1 
 224 59 1 
 177 16 1 
 13 200 1 
 31 55 1 
 5 3 1 
 34 97 1 
 148 32 1 
 55 137 1 
 171 49 1 
 39 163 1 
 192 65 1 
 9 199 1 
 224 134 1 
 105 98 1 
 81 60 1 
 206 230 1 
 160 90 1 
 122 154 1 
 115 149 1 
 107 149 1 
 81 210 1 
 83 61 1 
 96 134 1 
 93 71 1 
 23 137 1 
 224 149 1 
 120 169 1 
 8 158 1 
 25 16 1 
 219 140 1 
 215 35 1 
 105 124 1 
 28 3 1 
 31 124 1 
 105 139 1 
 67 137 1 
 230 159 1 
 5 136 1 
 105 136 1 
 160 137 1 
 105 3 1 
 9 198 1 
 15 76 1 
 160 3 1 
 174 218 1 
 217 233 1 
 78 2 1 
 29 169 1 
 215 3 1 
 137 124 1 
 203 137 1 
 17 3 1 
 192 161 1 
 224 143 1 
 217 80 1 
 49 123 1 
 106 14 1 
 20 67 1 
 106 52 1 
 72 62 1 
 148 167 1 
 177 82 1 
 5 32 1 
 142 60 1 
 194 71 1 
 96 137 1 
 96 55 1 
 204 105 1 
 228 67 1 
 89 217 1 
 81 3 1 
 105 158 1 
 162 134 1 
 74 60 1 
 162 137 1 
 34 136 1 
 189 85 1 
 107 108 1 
 67 124 1 
 103 125 1 
 20 149 1 
 125 103 1 
 169 137 1 
 141 87 1 
 105 22 1 
 20 105 1 
 173 137 1 
 217 139 1 
 5 108 1 
 79 91 1 
 107 97 1 
 111 65 1 
 93 137 1 
 203 115 1 
 96 149 1 
 114 126 1 
 204 137 1 
 204 183 1 
 95 91 1 
 142 233 1 
 89 58 1 
 144 219 1 
 160 119 1 
 165 138 1 
 111 158 1 
 171 123 1 
 194 127 1 
 15 233 1 
 1 16 1 
 82 104 1 
 96 60 1 
 156 56 1 
 105 115 1 
 153 163 1 
 3 137 1 
 132 157 1 
 165 124 1 
 16 99 1 
 105 90 1 
 129 84 1 
 132 187 1 
 31 34 1 
 196 63 1 
 96 139 1 
 105 137 1 
 29 190 1 
 29 65 1 
 224 35 1 
 45 75 1 
 152 179 1 
 165 149 1 
 29 8 1 
 148 94 1 
 43 137 1 
 25 14 1 
 46 231 1 
 194 137 1 
 121 66 1 
 185 221 1 
 0 64 1 
 139 134 1 
 117 147 1 
 104 16 1 
 105 233 1 
 3 128 1 
 1 104 1 
 228 19 1 
 185 211 1 
 52 14 1 
 79 113 1 
 105 48 1 
 105 54 1 
 122 149 1 
 0 73 1 
 64 129 1 
 44 14 1 
 164 195 1 
 38 169 1 
 175 185 1 
 157 187 1 
 142 67 1 
 207 220 1 
 203 233 1 
 215 71 1 
 15 65 1 
 192 24 1 
 55 124 1 
 111 135 1 
 217 65 1 
 215 137 1 
 81 149 1 
 107 86 1 
 80 138 1 
 104 99 1 
 224 57 1 
 15 115 1 
 0 232 1 
 177 99 1 
 5 94 1 
 59 3 1 
 99 14 1 
 57 28 1 
 59 137 1 
 43 32 1 
 226 11 1 
 80 167 1 
 5 7 1 
 215 210 1 
 105 210 1 
 155 4 1 
 188 118 1 
 55 3 1 
 203 162 1 
 23 3 1 
 53 30 1 
 5 97 1 
 93 90 1 
 64 84 1 
 107 138 1 
 107 165 1 
 139 124 1 
 169 233 1 
 178 12 1 
 133 149 1 
 96 124 1 
 1 99 1 
 55 86 1 
 126 114 1 
 80 124 1 
 111 105 1 
 140 219 1 
 26 38 1 
 105 81 1 
 107 5 1 
 74 172 1 
 40 3 1 
 16 104 1 
 212 101 1 
 81 134 1 
 93 115 1 
 105 21 1 
 137 60 1 
 50 151 1 
 88 124 1 
 203 149 1 
 201 60 1 
 215 98 1 
 25 177 1 
 80 148 1 
 165 32 1 
 215 227 1 
 77 137 1 
 129 64 1 
 56 156 1 
 92 205 1 
 159 116 1 
 215 233 1 
 31 137 1 
 67 233 1 
 142 3 1 
 107 94 1 
 64 0 1 
 228 20 1 
 122 10 1 
 219 144 1 
 55 134 1 
 192 137 1 
 180 68 1 
 162 233 1 
 228 137 1 
 84 129 1 
 9 45 1 
 18 115 1 
 88 20 1 
 105 119 1 
 194 43 1 
 228 105 1 
 228 3 1 
 105 169 1 
 93 149 1 
 105 134 1 
 105 120 1 
 82 16 1 
 31 115 1 
 81 137 1 
 204 150 1 
 87 141 1 
 31 202 1 
 88 224 1 
 88 134 1 
 67 3 1 
 20 137 1 
 107 100 1 
 9 75 1 
 228 124 1 
 36 229 1 
 199 181 1 
 215 154 1 
 88 166 1 
 105 60 1 
 5 165 1 
 61 207 1 
 133 60 1 
 205 92 1 
 216 54 1 
 82 1 1 
 55 149 1 
 88 170 1 
 82 99 1 
 117 97 1 
 105 149 1 
 177 14 1 
 88 137 1 
 74 134 1 
 30 37 1 
 74 137 1 
 215 115 1 
 106 99 1 
 117 54 1 
 112 121 1 
 93 134 1 
 148 3 1 
 107 213 1 
 160 65 1 
 105 128 1 
 81 128 1 
 160 105 1 
 112 66 1 
 139 60 1 
 228 149 1 
 89 233 1 
 107 32 1 
 111 51 1 
 28 32 1 
 152 146 1 
 115 137 1 
 232 0 1 
 29 217 1 
 88 3 1 
 200 13 1 
 139 137 1 
 215 119 1 
 207 61 1 
 139 3 1 
 93 3 1 
 142 137 1 
 218 174 1 
 74 27 1 
 52 193 1 
 160 233 1 
 215 109 1 
 3 149 1 
 139 54 1 
 43 3 1 
 20 96 1 
 224 223 1 
 57 55 1 
 15 192 1 
 29 233 1 
 59 32 1 
 73 0 1 
 214 118 1 
 5 86 1 
 83 207 1 
 203 3 1 
 229 36 1 
 194 28 1 
 228 139 1 
 115 233 1 
 148 5 1 
 84 64 1 
 115 3 1 
 5 100 1 
 85 184 1 
 192 115 1 
 70 57 1 
 107 139 1 
 186 197 1 
 89 65 1 
 199 75 1 
 69 130 1 
 3 60 1 
 121 112 1 
 3 134 1 
 134 137 1 
 88 223 1 
 15 24 1 
 168 145 1 